 0 5 56 61 68 85 171
 1 5 36 80 125 163 176
 2 5 5 51 101 123 198
 3 5 59 96 148 168 190
 4 5 86 110 113 168 188
 5 5 33 34 101 104 162
 6 5 20 74 135 143 192
 7 5 16 83 108 139 195
 8 5 55 72 99 107 177
 9 5 5 33 101 104 208
 10 5 59 91 99 115 170
 11 5 9 13 47 178 198
 12 3 33 71 208
 13 5 12 55 71 208 213
 14 5 40 55 104 107 180
 15 5 142 155 190 195 216
 16 5 40 108 155 195 216
 17 1 57
 18 5 40 86 161 201 218
 19 5 15 40 117 134 195
 20 5 90 99 123 144 152
 21 5 109 127 134 207 216
 22 5 9 34 124 162 172
 23 5 49 148 163 173 181
 24 5 13 37 123 131 172
 25 5 40 97 106 178 195
 26 5 2 86 90 170 192
 27 5 4 31 93 120 138
 28 5 31 77 124 125 148
 29 5 91 166 170 186 192
 30 5 45 99 123 151 188
 31 5 104 113 120 166 180
 32 4 63 64 191 215
 33 2 71 208
 34 5 12 71 104 162 209
 35 5 64 126 127 175 195
 36 5 20 44 69 90 125
 37 5 79 110 142 161 220
 38 5 73 110 134 190 202
 39 5 33 75 136 168 188
 40 5 15 115 142 190 195
 41 2 52 64
 42 5 51 71 100 209 213
 43 4 52 63 109 215
 44 5 31 115 134 149 151
 45 5 2 9 12 22 213
 46 5 15 97 146 177 203
 47 5 8 10 74 86 165
 48 3 116 153 205
 49 5 80 97 163 170 190
 50 5 24 78 103 146 181
 51 5 5 9 33 34 208
 52 0
 53 5 43 64 85 121 215
 54 5 60 78 136 140 162
 55 5 22 33 34 51 206
 56 3 68 85 121
 57 5 58 110 115 190 202
 58 5 44 81 90 126 192
 59 5 27 29 31 51 55
 60 5 5 151 162 170 192
 61 5 57 110 134 171 202
 62 5 12 55 113 124 206
 63 3 41 52 64
 64 1 52
 65 5 26 29 88 131 143
 66 5 2 13 107 112 113
 67 5 22 34 92 172 192
 68 1 194
 69 5 13 31 51 145 206
 70 5 44 86 161 173 216
 71 1 208
 72 5 22 45 62 123 205
 73 5 108 110 115 142 202
 74 5 93 96 97 168 178
 75 5 77 94 102 164 178
 76 5 1 70 86 94 219
 77 5 44 91 119 155 157
 78 5 13 51 93 177 181
 79 5 31 113 119 123 143
 80 5 51 82 106 145 162
 81 5 13 95 125 136 168
 82 5 25 31 88 178 208
 83 1 139
 84 5 60 74 82 101 144
 85 3 68 121 194
 86 5 2 34 94 113 180
 87 5 40 48 111 166 212
 88 5 5 24 26 150 218
 89 3 28 52 153
 90 5 29 31 180 181 188
 91 5 120 136 155 156 161
 92 5 33 62 137 186 189
 93 5 22 29 45 98 131
 94 5 148 156 158 166 192
 95 5 1 4 33 151 218
 96 5 14 60 163 198 218
 97 5 34 142 174 186 188
 98 5 31 55 120 135 166
 99 5 5 71 123 181 192
100 1 13
101 4 12 71 162 209
102 5 9 74 122 167 174
103 5 14 45 99 101 186
104 5 33 71 101 208 209
105 5 4 18 102 146 204
106 5 14 94 148 156 192
107 5 2 12 55 101 209
108 2 83 139
109 4 41 52 63 64
110 0
111 4 48 116 153 205
112 5 13 72 116 145 181
113 5 22 51 101 162 208
114 5 5 137 138 145 162
115 4 110 142 190 202
116 0
117 5 56 115 154 166 212
118 5 48 85 153 194 205
119 5 51 97 142 161 168
120 5 12 13 15 55 110
121 2 68 194
122 5 46 69 90 96 119
123 5 9 55 124 208 209
124 5 5 51 104 162 206
125 5 3 131 150 163 195
126 5 40 109 142 175 216
127 5 109 126 166 190 215
128 5 50 75 125 162 220
129 5 55 97 101 218 220
130 4 48 111 116 205
131 5 31 44 145 148 178
132 5 78 99 101 143 159
133 5 10 12 99 102 107
134 5 15 110 142 166 216
135 5 101 138 149 186 198
136 5 33 44 94 99 131
137 5 2 99 100 162 181
138 5 34 55 149 206 209
139 5 2 5 9 12 56
140 5 114 137 139 177 192
141 5 113 114 177 183 208
142 1 110
143 5 10 124 135 178 186
144 5 23 49 70 166 220
145 5 51 124 149 206 208
146 5 13 124 148 159 177
147 2 61 171
148 5 120 142 166 180 209
149 5 2 13 33 45 158
150 5 37 106 155 157 202
151 5 86 134 148 178 192
152 5 24 40 86 143 144
153 5 112 113 158 162 213
154 5 115 166 179 194 202
155 5 110 190 195 202 211
156 5 34 51 71 101 166
157 5 40 94 106 149 170
158 5 5 33 51 208 209
159 5 3 36 49 135 188
160 5 5 80 104 106 167
161 5 15 44 99 131 180
162 4 12 33 71 208
163 5 29 90 99 202 208
164 5 79 110 150 157 209
165 5 18 26 128 136 218
166 5 40 115 155 195 211
167 5 24 91 136 143 156
168 5 51 60 78 163 180
169 5 41 52 64 116 205
170 5 5 31 156 172 186
171 5 5 63 101 113 213
172 5 5 33 124 162 206
173 5 49 71 145 162 168
174 5 14 78 93 96 142
175 5 15 64 110 142 190
176 5 10 18 22 98 123
177 5 45 62 104 158 186
178 5 13 34 55 71 124
179 5 68 121 155 195 211
180 5 13 134 181 195 208
181 5 12 13 113 186 209
182 5 92 104 153 172 181
183 5 55 92 178 181 209
184 5 76 92 96 151 181
185 5 43 63 64 153 205
186 5 45 62 71 178 198
187 5 32 41 191 199 205
188 5 44 91 134 162 178
189 5 22 34 114 181 192
190 2 110 142
191 5 43 107 114 189 209
192 5 45 62 158 198 206
193 5 45 107 158 200 208
194 0
195 4 110 142 190 202
196 5 5 83 135 145 181
197 5 68 71 85 149 162
198 5 9 22 113 158 213
199 5 41 153 169 185 215
200 5 0 21 126 166 175
201 5 5 22 45 103 122
202 3 110 142 190
203 5 70 132 144 148 186
204 5 20 28 74 107 156
205 1 116
206 5 12 33 51 104 158
207 5 35 43 142 175 195
208 0
209 4 12 33 71 208
210 5 69 71 93 146 151
211 5 110 115 190 195 202
212 5 134 154 166 190 211
213 5 104 113 124 172 206
214 3 87 154 166
215 4 41 52 63 64
216 5 110 115 155 195 202
217 5 3 10 77 106 210
218 5 5 31 115 143 172
219 5 37 59 144 148 217
220 5 98 101 155 170 181